122129406
495683423
490029755
405956028
265162707
91803604
431660789
9258153
185665418
145357532
269539705
283420460
115810626
117586280
216062299
341409266
110226121
674567416
49690850
200235842
350805362
28872987
249356090
13206454
8773474
425809870
544652109
416251482
519193865
422682546
27074790
262019564
821934714
588497214
460522527
385897437
333906011
423635249
478754860
293327892
420429342
560913717
739548684
54653973
537798717
332932745
170016312
755555371
239799957
24001866
87501244
502579183
388484637
621725735
144704874
387228584
29703127
250655355
465233083
592129096
171623012
99804791
468148741
446705294
147046575
232803830
177436085
309963055
226892541
523280628
534807936
181675979
113791493
122228525
431091984
560317258
73257991
472509331
613505398
83666114
52088792
256275569
356889192
236671646
155050214
290894843
426512254
835545460
118152992
55891557
722816734
489885296
154594318
611821826
98497256
376112207
67920321
499999999
1
999999999
