122129406
23525398
72975907
405956028
265162707
741124245
82636723
116542055
81152217
31978708
269539705
18445097
115810626
117586280
216062299
55859471
464199043
674567416
417818256
200235842
350805362
663826994
59090728
306521972
8773474
425809870
544652109
119049822
519193865
422682546
555476819
262019564
821934714
588497214
460522527
385897437
333906011
14136713
478754860
145371959
20243482
93060069
739548684
499043588
537798717
332932745
469453731
755555371
239799957
857020186
87501244
202677879
388484637
85042925
657986160
387228584
769866415
27144750
465233083
592129096
171623012
99804791
233162218
69626951
759315602
467740
27317429
70841696
226892541
8113004
174582190
181675979
113791493
122228525
431091984
86082218
73257991
12731011
96444034
548914327
383319296
256275569
909884003
236671646
155050214
290894843
426512254
835545460
995778001
55891557
22230414
42655476
510360032
1153181
98497256
882838367
277962239
499999999
1
999999999
